45.0
164.0
137.0
66.0
-49.0
-208.0
-195.0
-146.0
-61.0
60.0
217.0
147.0
29.0
-137.0
-69.0
40.74590300000002
246.24697900000012
127.55239200000003
-83.26336700000004
-224.98824700000011
-186.01390500000008
-90.34961100000005
62.00463500000003
271.0488330000001
125.78083100000006
-104.52209900000005
-281.6781990000002
-315.33785800000015
-313.56629700000013
-276.3635160000002
-203.72951500000013
-95.66429400000006
47.83214700000003
226.75980800000013
129.32395300000007
-3.543122000000002
-171.84141700000006
-281.6781990000002
-253.33322300000015
-154.1258070000001
15.944049000000003
256.8763450000001
402.1443470000002
329.5103460000002
164.7551730000001
-92.12117200000006
-292.3075650000001
-334.8250290000001
-334.8250290000001
-292.3075650000001
-207.2726370000001
-79.72024500000005
90.34961100000005
302.9369310000002
333.0534680000002
327.7387850000002
286.9928820000002
210.81575900000007
99.20741600000007
-47.83214700000003
-230.30293000000012
-210.81575900000007
-155.89736800000006
-65.54775700000003
60.23307400000003
221.44512500000005
278.1350770000001
139.95331900000008
-83.26336700000004
-175.38453900000007
1.771561000000001
278.1350770000001
201.95795400000011
76.17712300000004
-99.20741600000007
-324.1956630000002
-276.3635160000002
-164.7551730000001
10.629366000000005
249.79010100000013
414.5452740000002
412.7737130000002
375.5709320000002
302.9369310000002
194.8717100000001
51.37526900000002
-127.55239200000003
-341.9112730000001
-338.3681510000001
-278.1350770000001
-91.0
7.0
137.0
233.0
236.0
219.0
182.0
125.0
48.0
-49.0
-166.0
-77.96239470000002
-55.48244040000001
-11.957422500000003
52.61265900000001
97.57256760000001
97.57256760000001
85.6151451
64.09178460000001
33.0024861
-7.652750400000002
-57.8739249
-66.961566
-9.087641100000004
73.6577226
69.83134740000001
39.220345800000004
-18.17528220000001
-52.61265900000001
-31.089298500000005
7.652750400000002
63.613487700000015
93.26789550000002
75.09261330000002
45.43820550000001
4.3046721
-48.30798690000001
-78.44069160000001
-64.57008150000001
-33.480783
14.827203900000008
80.35387920000002
73.6577226
51.65606520000001
14.348907000000002
-38.263752000000004
-64.09178460000001
-34.4373768
18.17528220000001
93.74619240000001
92.78959859999999
80.35387920000002
56.43903420000001
21.045063600000002
-25.828032600000004
-84.18025440000001
-96.13767690000002
-96.13767690000002
-84.18025440000001
-62.65689390000002
-31.567595400000005
9.087641100000004
59.30881560000003
88.48492650000001
77.96239470000002
52.13436210000002
11.000828700000001
-45.43820550000001
-62.65689390000002
-9.087641100000004
71.2662381
55.00414350000001
27.262923300000008
-11.957422500000003
-62.65689390000002
-88.9632234
-62.17859700000001
-18.0
150.0
92.0
-14.0
-168.0
-120.0
-48.0
48.0
168.0
110.0
12.0
-126.0
-56.0
38.0
156.0
229.0
200.0
119.0
-14.0
-199.0
-120.0
3.0
170.0
152.0
86.0
-28.0
-190.0
-148.0
-82.0
8.0
122.0
172.0
125.0
58.0
-29.0
-136.0
-177.0
-116.0
-27.0
90.0
235.0
232.0
193.0
118.0
7.0
-140.0
-114.0
-40.0
82.0
126.0
38.0
-74.0
-141.0
-109.0
-29.0
99.0
193.0
193.0
163.0
109.0
31.0
-71.0
-197.0
-141.0
-53.0
67.0
219.0
148.0
49.0
-78.0
-170.0
-185.0
-172.0
-131.0
-62.0
35.0
160.0
238.0
223.0
188.0
133.0
58.0
-37.0
-152.0
-76.0
24.0
148.0
210.0
168.0
94.0
-12.0
-150.0
-170.0
-150.0
-90.0
10.0
150.0
141.0
112.0
63.0
-6.0
-95.0
-204.0
-180.0
-124.0
-36.0
84.0
153.0
123.0
61.0
-33.0
-159.0
-83.0
25.0
165.0
119.0
41.0
-69.0
-98.0
14.0
174.0
102.0
-10.0
-162.0
-122.0
-42.0
78.0
238.0
233.0
200.0
139.0
50.0
-67.0